7
14
6
5
10
12
12
7
10
5
14
11
8
5
5
9
8
9
6
5
5
20
10
8
6
8
5
10
8
9
8
8
16
17
13
13
19
16
16
8
8
10
12
14
16
16
7
2
12
14
14
4
4
11
8
6
4
7
7
9
9
7
4
8
6
9
10
8
8
8
3
10
10
4
18
14
15
12
9
8
5
9
15
21
17
13
12
10
12
11
14
13
16
14
13
7
11
11
6
8
8
15
11
11
15
17
12
7
4
6
5
8
13
7
7
21
7
10
10
25
8
8
8
16
14
13
6
6
8
7
10
9
11
4
4
15
14
4
10
5
9
8
8
8
21
13
6
9
7
5
15
11
12
6
3
17
7
12
11
8
10
10
12
7
9
7
23
7
10
6
10
6
17
13
6
9
12
9
7
22
22
12
12
12
12
13
13
10
8
8
7
7
10
11
11
15
15
15
15
20
20
21
14
19
21
11
9
9
8
10
9
12
12
7
5
8
12
17
11
8
13
14
8
9
13
16
11
17
6
6
9
7
6
6
17
14
11
10
11
6
9
17
19
11
12
15
6
5
5
9
12
12
19
19
9
9
6
6
11
11
5
5
12
10
9
9
7
9
9
11
11
11
5
9
20
19
10
7
9
12
11
16
7
7
7
7
6
9
6
9
6
6
6
6
6
6
8
7
7
6
12
15
9
10
10
15
12
15
18
16
7
10
13
13
10
13
12
13
5
6
8
8
14
8
8
7
7
12
7
8
8
11
15
6
13
18
7
10
13
7
12
14
14
14
15
17
15
14
8
7
8
7
14
7
11
19
7
17
9
8
4
9
20
12
12
5
5
5
5
10
10
11
9
12
13
4
14
14
6
3
6
9
9
9
13
8
19
10
12
8
4
9
10
10
3
10
12
