123456789456789123789231645217695834364827951598143276635978412841562397972314568
123456789456789123798132564235947618817263495964815372372694851589371246641528937
123456789457189236869327415236845971514973628798261354375698142682714593941532867
123456789457189236689273541298617453361542978745938162516394827834721695972865314
123456789457189236689732154234917865576328491918564327391245678762891543845673912
123456789457189236689723145295367418368241957714895362546932871872614593931578624
123456789457189263689732514294315678568947132731268945375694821842571396916823457
123456789456789123789132546237594861594861237618273954361925478842617395975348612
123456789456789132789213645241835967867194253935627814312578496574961328698342571
123456789456789123798213564217394856365821497849675231532167948681942375974538612
123456789456789132789213645218635497375924861964178253542891376631547928897362514
123456789456789123789132564295841637374265891861397245547623918618974352932518476
123456789456789123798132546241865397635927418879314265367291854514678932982543671
123456789456789123789132546271698354364521978895347261537964812612873495948215637
123456789456789132789213456238964517647135298915872643361528974592347861874691325
123456789456789123798213564281547936374962815965138472537691248642875391819324657
123456789457189236689372451231795864876241395945638127318564972592817643764923518
123456789457189236869327154241968375386715492975243861532891647618574923794632518
123456789457189236698237154234715968875962341916843572381524697549671823762398415
123456789457189236689237415246375891795841623831962574378694152514723968962518347
123456789457189236689273541248615397376924815591738624714862953865391472932547168
123456789457189236689327145236541897574968321918273564342615978761892453895734612
123456789457189236869732154278561493314928675596374821635247918741893562982615347
123456789457189236689237451278594613341768592596321847734615928815972364962843175
123456789457189236689237514236871495875942163941365827364718952512694378798523641
123456789456789231789132546238594617645271893917863425364925178571348962892617354
123456789456789123789123465241537698538694217967812534375961842694278351812345976
123456789457189236698273154214837965765914328839625471371548692546392817982761543
123456789456789132789231546267943815518627493934518627395174268642895371871362954
123456789456789123789123465237594816648317952915268347372845691564931278891672534
123456789457189236689372451216835974534927168798614523371598642865241397942763815
123456789457189236698372154269548317574913628831627945316894572745261893982735461
123456789457189236689327541248713695391562874576948123712634958835291467964875312
123456789457189236698723514235968147784531692916274358349617825561892473872345961
123456789456789132789132564245893671368217495917645823571928346632574918894361257
123456789456789123798213654219834567385967241647125938564371892831592476972648315
123456789457189236896372514214795863578631492639248157385924671741563928962817345
123456789456789132789132564267813945345967821918245376534698217692371458871524693
123456789456789132789213654241935876635847291897621345368194527574362918912578463
123456789457189236869273514231695847548712693976834125385927461692541378714368952
