235
244
234
244
236
239
245
245
242
228
240
234
245
246
253
248
233
237
242
250
249
249
242
240
240
228
240
228
231
234
237
232
238
243
242
247
241
231
243
233
259
247
238
238
246
250
247
244
244
244
253
249
245
241
235
238
242
234
232
231
235
236
235
237
229
239
237
238
233
244
240
248
245
245
232
229
227
248
241
248
255
227
227
233
240
237
240
242
226
235
233
232
219
236
244
229
229
232
240
229
237
241
243
242
238
243
247
227
238
239
238
239
233
240
239
242
236
238
241
245
232
232
237
234
248
240
234
239
248
237
243
239
251
242
244
224
240
237
231
242
238
242
242
237
232
237
245
238
241
248
233
243
245
235
229
226
231
231
231
235
232
238
242
228
232
236
245
236
228
234
231
220
235
229
235
244
235
231
231
241
240
236
254
235
236
236
225
227
244
236
242
233
239
230
240
241
231
239
233
228
239
241
238
246
243
236
244
231
234
249
243
244
241
235
232
247
248
230
233
231
243
241
235
246
246
248
249
256
245
240
246
250
238
257
236
252
230
243
247
239
242
245
237
239
243
248
240
238
242
238
247
243
249
237
237
247
230
249
239
232
231
242
232
248
231
239
238
238
244
241
249
240
245
238
239
239
239
245
249
234
247
236
252
248
247
233
241
232
238
245
245
257
233
245
248
238
249
243
230
249
247
243
257
241
241
237
233
232
241
245
245
235
237
232
243
245
233
243
238
247
233
255
249
247
229
247
231
245
232
246
232
240
217
241
230
245
243
230
229
226
229
224
233
236
230
240
229
225
221
241
234
237
240
229
236
234
253
226
228
218
228
233
234
225
241
233
232
221
241
233
234
238
233
222
232
228
234
233
246
223
235
229
223
241
231
251
241
241
240
233
240
236
239
232
238
226
227
227
227
227
227
227
239
236
232
253
235
232
225
240
235
226
230
230
236
230
228
231
228
226
233
227
227
227
227
227
227
226
240
241
238
238
243
229
241
247
240
239
246
239
239
235
245
227
236
236
245
239
239
245
240
245
244
245
239
233
233
240
234
236
239
236
238
258
250
239
257
244
238
241
235
231
243
249
241
245
254
245
241
240
245
241
243
236
252
250
238
241
235
243
243
245
242
237
242
242
233
254
242
235
245
245
232
250
249
240
229
240
247
249
250
237
237
237
239
246
230
232
242
231
224
246
232
251
241
235
227
240
214
232
241
234
231
240
241
242
235
234
235
242
236
230
235
244
234
240
223
247
231
239
217
242
241
233
231
237
237
237
233
232
237
243
249
245
252
235
243
240
241
241
233
239
241
234
242
254
248
229
250
237
249
250
238
252
248
233
239
241
240
248
240
241
240
234
249
224
242
218
229
234
239
239
239
237
243
238
240
240
243
232
234
229
234
240
232
240
241
242
243
231
239
233
250
241
250
233
243
245
246
245
