231
235
242
244
228
234
230
244
224
237
228
251
243
226
236
239
245
233
253
230
242
245
240
240
225
232
231
231
233
234
228
240
241
237
229
231
234
235
223
245
232
236
238
243
239
246
229
232
248
250
237
249
249
250
249
237
256
230
238
253
244
248
236
237
245
249
241
249
245
242
233
242
247
250
249
249
240
230
217
221
232
240
231
240
228
234
237
232
228
236
224
227
233
224
241
234
247
233
248
240
240
230
232
238
231
245
239
242
248
244
243
245
247
231
241
242
247
224
247
243
233
249
248
239
259
238
242
242
258
247
248
230
230
243
248
244
238
238
253
244
246
235
238
243
244
244
238
245
242
240
239
257
237
255
250
238
232
232
249
249
248
242
240
234
232
242
247
242
236
225
219
247
226
227
231
225
226
238
240
246
231
235
243
238
235
242
236
243
237
235
246
229
235
235
229
244
237
238
238
233
248
228
236
236
231
244
230
240
241
228
248
245
245
248
245
232
229
244
244
236
243
244
240
243
248
241
246
234
242
243
229
234
242
248
238
255
237
254
236
224
228
248
217
235
229
229
237
240
229
229
226
233
235
232
233
236
244
227
227
240
237
240
237
232
230
227
236
240
231
240
227
224
233
242
235
241
228
235
235
246
241
241
233
236
231
239
230
243
223
235
242
241
246
225
230
238
237
247
236
238
246
227
239
218
225
232
246
238
219
239
233
240
227
235
238
234
228
231
233
229
219
231
224
244
242
244
241
236
234
227
243
228
234
248
237
245
248
232
236
225
235
235
233
227
234
239
244
243
242
251
248
243
236
227
244
237
224
239
236
233
247
238
242
246
234
235
228
242
231
232
233
227
236
245
240
236
245
245
240
237
226
241
229
234
239
232
230
235
236
241
244
244
237
239
241
228
224
237
238
241
229
252
230
245
248
232
232
233
240
245
237
241
243
245
245
240
248
241
238
232
243
237
239
253
241
244
243
229
231
255
240
244
255
238
239
246
240
226
215
227
238
228
235
226
226
226
226
232
221
245
238
238
234
225
232
238
227
230
240
245
236
227
225
244
236
241
235
231
231
235
232
244
239
235
228
234
242
229
231
236
236
237
237
235
235
231
226
231
238
238
235
232
236
225
221
226
220
235
238
216
220
222
226
236
241
254
254
227
237
240
220
244
227
230
232
242
237
229
229
226
226
234
226
226
226
233
234
227
246
230
245
236
225
226
232
233
236
249
224
245
233
244
230
237
233
244
236
236
234
218
233
227
226
245
219
232
232
230
223
223
238
235
240
241
239
237
230
237
240
241
231
238
221
228
228
247
240
225
241
228
239
239
221
232
216
239
231
231
227
244
244
245
238
246
244
232
227
232
241
226
224
244
228
229
243
249
244
231
236
244
247
232
238
232
240
231
227
228
231
232
246
230
243
231
241
244
241
231
238
245
250
226
236
240
248
249
246
245
256
240
224
235
234
235
238
246
235
238
232
232
232
235
244
242
244
243
230
228
236
229
257
247
225
239
239
229
236
239
252
228
246
235
247
243
241
227
225
239
246
242
249
239
225
245
228
238
239
238
240
243
247
238
237
248
242
235
234
227
249
229
248
237
242
235
246
238
232
227
241
228
231
238
245
240
248
249
244
245
240
234
235
227
231
241
238
244
239
242
247
237
244
229
231
236
242
238
232
232
245
232
237
229
231
239
230
245
244
233
244
231
240
232
225
236
230
239
232
233
239
239
241
243
238
245
254
246
243
246
243
248
239
244
245
239
229
236
236
232
236
234
248
232
237
238
239
241
236
237
237
237
248
252
236
236
254
254
240
233
244
234
224
247
234
241
245
247
237
232
248
241
247
238
249
257
230
249
238
244
240
239
243
244
248
245
247
247
242
238
237
240
243
235
245
245
252
233
245
255
231
234
224
239
239
243
230
237
238
223
228
240
238
238
240
240
239
243
242
249
245
243
243
234
251
233
250
250
227
243
241
244
242
246
241
242
239
240
241
252
231
241
233
238
234
250
257
239
244
246
238
240
225
245
252
236
231
232
246
238
228
238
228
228
238
235
239
236
226
217
232
227
224
226
234
232
232
222
221
230
229
228
222
235
232
214
240
237
231
239
230
231
234
242
234
234
223
234
223
240
240
226
225
214
211
231
242
228
233
227
230
224
228
228
215
235
225
237
236
238
231
237
224
226
241
240
241
240
245
241
232
236
230
236
230
235
235
235
226
225
241
251
233
240
221
225
221
228
232
240
231
233
229
253
222
233
230
228
228
233
234
232
236
238
234
233
232
238
253
232
240
239
235
228
227
239
240
231
228
235
226
228
234
232
226
217
232
243
230
229
225
231
230
231
233
218
219
226
229
227
227
227
227
227
230
227
227
236
227
224
227
223
235
222
234
229
222
230
236
215
225
218
233
231
232
236
220
241
222
225
241
234
229
231
238
239
237
234
234
236
226
217
241
231
222
227
236
227
227
234
234
229
226
237
231
223
226
227
224
242
227
238
240
235
231
239
233
235
238
229
238
232
240
232
247
246
241
242
244
216
247
231
231
232
236
224
248
240
241
231
242
234
247
228
233
234
225
235
239
246
231
236
230
237
238
237
236
236
243
239
236
236
239
245
212
236
230
252
243
245
240
218
236
225
221
239
245
236
243
245
238
238
235
238
239
244
227
237
253
223
246
248
245
245
229
236
232
228
227
227
228
219
250
250
242
252
233
232
227
240
242
245
235
227
237
243
244
250
257
238
243
241
227
239
229
224
235
233
237
241
223
232
233
229
238
249
230
246
248
239
225
238
227
234
227
231
232
231
231
227
237
232
236
244
248
243
238
243
237
248
250
244
243
233
244
235
244
246
240
230
235
231
238
235
247
240
235
244
236
240
244
239
237
239
246
244
244
245
245
244
235
246
233
248
246
241
238
232
245
239
230
234
227
230
247
231
229
234
230
230
230
249
239
249
252
236
236
251
241
239
240
241
246
253
246
233
231
245
246
248
238
250
248
246
245
238
240
237
247
246
229
236
249
254
242
228
242
240
237
233
251
239
236
237
237
245
228
231
252
251
245
248
246
244
241
242
234
239
242
234
232
243
240
230
239
250
244
237
240
254
244
239
231
249
243
254
233
242
242
245
241
242
243
235
245
249
243
250
241
240
241
245
243
252
252
245
241
240
232
230
236
230
227
239
247
237
232
240
233
236
238
233
234
239
241
246
242
242
241
245
234
249
249
240
245
227
243
232
228
239
232
240
240
240
231
243
244
242
250
253
252
219
252
230
238
239
248
248
245
244
244
247
231
245
220
220
230
232
235
241
232
236
228
245
226
234
236
241
226
227
232
221
236
233
232
229
217
224
204
230
233
235
226
243
232
229
238
233
234
242
226
237
242
240
236
239
238
242
240
237
238
246
243
232
232
235
232
225
229
228
236
234
236
240
233
230
234
232
220
232
244
239
239
239
234
239
234
233
237
231
242
237
241
237
245
233
237
235
217
242
241
244
236
240
251
241
239
227
235
241
240
240
235
229
231
230
231
232
231
230
229
237
241
232
232
246
228
233
232
218
231
226
226
227
239
227
220
242
241
228
239
238
236
238
227
229
224
236
227
223
231
223
227
228
220
219
226
230
237
231
228
229
227
235
250
227
239
241
235
244
235
225
244
233
231
224
237
236
232
232
229
228
237
252
250
245
231
245
243
240
238
239
235
240
231
243
238
242
233
224
250
235
249
246
247
251
251
252
235
238
245
229
249
232
240
241
230
235
233
241
230
244
236
239
237
241
233
258
234
236
236
239
247
241
242
256
254
254
240
239
246
227
247
236
234
235
237
248
240
236
239
232
244
248
230
244
245
242
239
243
235
235
245
240
233
239
244
232
230
236
237
254
230
243
242
248
238
234
246
247
247
250
240
236
238
235
233
248
234
232
232
241
229
252
237
224
239
234
233
228
237
247
231
223
223
232
230
240
234
245
233
237
232
233
233
233
241
240
240
254
238
252
248
239
239
250
241
241
240
229
239
232
244
234
233
236
231
244
233
231
238
236
225
240
248
235
235
236
236
253
238
233
249
248
249
233
245
246
246
245
254
232
237
227
249
233
245
246
246
233
233
230
236
226
239
236
240
243
244
237
233
230
227
233
237
230
237
244
245
245
245
243
245
243
245
240
239
249
239
230
242
242
246
242
246
246
246
240
229
231
179
190
237
228
235
219
230
236
235
226
229
223
230
190
231
224
234
237
185
228
219
192
187
187
190
190
187
245
227
226
233
233
248
227
237
248
190
237
249
240
241
239
246
219
222
185
183
191
184
241
179
179
190
192
181
239
182
191
182
184
182
172
172
245
192
188
188
188
188
188
198
188
198
185
188
188
182
182
182
182
182
190
182
182
240
234
242
226
225
223
238
235
236
240
228
228
231
187
187
196
195
192
187
187
187
192
243
235
230
233
231
175
172
177
201
230
229
238
248
230
242
234
239
241
240
239
235
239
237
234
240
249
232
240
240
224
239
231
184
192
185
185
227
241
225
243
244
192
229
191
187
192
234
243
185
185
188
185
185
188
188
188
188
188
232
228
192
175
234
222
233
184
181
175
248
188
192
232
243
237
233
239
249
240
239
226
229
242
239
243
229
239
239
243
241
241
229
232
230
234
193
228
242
228
223
225
237
218
221
240
226
175
175
235
238
233
231
239
235
241
242
244
243
182
182
182
179
192
187
187
190
182
237
239
239
246
246
235
247
234
228
257
240
247
247
241
233
241
237
236
243
229
233
236
234
242
241
240
237
239
234
231
238
233
253
246
253
246
240
240
248
242
231
233
233
239
239
248
246
240
231
231
233
242
245
232
244
254
234
242
229
237
237
247
234
229
236
243
245
245
229
224
189
179
230
235
235
236
233
182
251
193
185
199
193
192
193
237
187
187
246
246
175
185
199
187
187
240
189
179
182
182
188
188
182
203
191
232
179
187
179
193
249
185
185
185
185
182
196
189
182
175
191
191
191
184
227
182
249
179
193
199
182
189
236
231
227
219
240
229
240
238
178
196
187
179
179
232
235
233
199
185
193
185
185
185
185
228
237
240
181
185
185
185
185
239
179
193
187
179
187
182
229
182
182
182
196
203
188
182
179
239
185
185
234
192
182
182
182
196
182
175
203
203
181
185
185
189
240
247
239
229
241
233
227
238
239
232
180
238
233
209
204
182
189
222
242
239
247
228
257
243
242
234
244
245
229
238
250
248
243
248
244
232
220
238
229
232
222
220
241
231
231
241
242
241
246
233
232
229
234
235
226
237
220
240
235
240
237
246
232
244
242
248
242
242
229
245
240
245
250
233
242
246
237
201
245
239
240
237
238
230
228
240
246
250
245
233
234
235
239
243
233
251
225
230
226
234
238
233
218
233
250
241
241
240
243
233
235
246
238
249
245
234
239
234
248
227
239
243
243
244
248
248
251
220
