5.6155664666303
5.59266005531944
5.70506683686133
5.55737406801237
5.58700467634753
5.5386898738447
5.70335407280269
5.67616300036062
5.59403677789107
5.58380729340917
5.47800710242256
5.81799933087989
5.61726329876213
5.53821885394877
5.57812796658439
5.58253340862036
5.58348862557575
5.55427870987512
5.46334716459198
5.7242123726641
5.70285506455719
5.55737406801237
5.60091133472565
5.51703899343384
5.67413850786216
5.61274900398406
5.51280153914459
5.59482329517173
5.64969661092201
5.71372600235079
5.63084258736433
5.53088677027556
5.51477507999247
5.58348862557575
5.36850673375758
5.71050561395981
5.55317170850318
5.6102328452385
5.81847389558233
5.73908537375308
5.73908537375308
5.55969223132291
5.59994513219711
5.65202231520223
5.59331687867856
5.58292282430213
5.63278008298755
5.54278709875125
5.59474412171508
5.50977786216062
5.47469771607703
5.58283324240771
5.56797692030292
5.63288856833754
5.6337515911984
5.53841789880509
5.56472616558453
5.51357509018417
5.64124383930787
5.65756082997462
5.54481206708625
5.70501262170934
5.69194398981633
5.54025099479645
5.58622818147526
5.79309436819065
5.61563270726617
5.48063623789765
5.50724637681159
5.70009862939156
5.58002936857562
5.54610034038775
5.71069408278711
5.74054387709612
5.63547937285311
5.78512396694215
5.57500470543949
5.72397221947928
5.65542672765309
5.53487217671879
5.7507881201261
5.74339972209356
5.81589958158996
5.59036144578313
5.58348862557575
5.72397221947928
5.71071982729542
5.71071982729542
5.70397355461108
5.61515778907083
5.71965280476746
5.58046169287387
5.60511756569848
5.63738861611202
5.65542672765309
5.67477348593228
5.5470530218005
5.65557374068012
5.43195934500282
5.65928646736728
5.60810098097817
5.63489714370283
5.64010097367472
5.90759814897746
5.69678295000183
5.63988396410983
5.60764514965741
5.68577821796706
5.4884246188594
5.51101072840203
5.69558101472995
5.70234363337812
5.52778073254618
5.67739589016185
5.52464084378978
5.69178589528673
5.68793525315264
5.55969223132291
5.72988689146545
5.70501262170934
5.6473133790119
5.6155664666303
5.64636512912375
5.76832151300236
5.71129707112971
5.56747479081742
5.56437071763433
5.63464410154306
5.65897244973939
5.67302535815521
5.50965155936852
5.64599674411721
5.69502074688797
5.61989747484336
5.64971751412429
5.51359784420097
5.71629421340832
5.54240047358295
5.65698478561549
5.59274755927476
5.5623018282399
5.68210997395547
5.54044630404463
5.56027164685908
5.52693208430913
5.66852988580639
5.53067622033139
5.51020408163265
5.54187192118227
5.66167141044546
5.67789698224481
5.57573089761931
5.71409762680623
5.56193978395771
5.59432380803867
5.72678594749902
5.78766679621713
5.78321977551759
5.61202082941213
5.72480869627405
5.60165975103734
5.62761506276151
5.71996845101334
5.75290583779548
5.69399413308631
5.54832811785802
5.70435906758777
5.67663652523379
5.72621985950256
5.70435906758777
5.48532904313185
5.48532904313185
5.60899807606926
5.50970250541066
5.67427385892116
5.61161703174994
5.61287806261745
5.59407211767727
5.65698478561549
5.66173818968626
5.61642378470375
5.84833606110202
5.67117213759565
5.65978367748279
5.65897244973939
5.65928646736728
5.5475420061596
5.62206996033177
5.51749008294266
5.56829954121652
5.59774036168886
5.57192216766685
5.54525079217868
5.46705998033432
5.60529820926447
5.51948051948052
5.5458696554587
5.99023709902371
5.51026246156047
5.6806864322378
5.59718969555035
5.8008013331915
5.65027529903171
5.65027529903171
5.72687224669604
5.61641257293431
5.61639780967885
6.04951185495119
5.61556730253582
5.68464730290456
5.62928236566895
5.55533897313945
5.68118948824343
5.61610024681982
5.63415239513527
5.64276303406738
5.48466026726896
5.47372060857538
5.59010729223495
5.60135516657256
5.62009767648365
5.55788005578801
5.81961511708787
5.59651589451665
5.75945793337098
5.6490834268612
5.90733590733591
5.70501262170934
5.60024515437064
5.64109598436268
5.59128630705394
5.62379754328844
5.60933234053115
5.75204041974349
5.57766214331871
5.91421986770824
5.52977189690925
5.57182705718271
5.69419401370357
5.64175928982796
5.38770418307278
5.65542672765309
5.68910531188917
5.55184416862979
5.59789847565488
5.63766674668221
5.64370717634331
5.56239232094511
5.61549100968188
5.67287784679089
5.54273350162279
5.75699063148108
5.68793525315264
5.61203319502075
5.75459023734886
5.68834750632039
5.57387511966812
5.54952108225536
5.66852988580639
5.57158312297151
5.68897014872895
5.55719994080213
5.54741980474198
5.48855525473788
5.67881759884778
5.70083682008368
5.5725112307534
5.63288856833754
5.59010234486332
5.59869517427224
5.47814062333794
5.79198244230308
5.60165975103734
5.76454854085937
5.66787384409831
5.69311470599024
5.56016597510373
5.71763131482101
5.5570424891268
5.59411852515301
5.62770562770563
5.68741603224362
5.6139598083387
5.69419401370357
5.65329328470285
5.67107138230341
5.63415239513527
5.60874509372363
5.58091286307054
5.68434112576727
5.68944646197865
5.59965672602446
5.53067622033139
5.54560382146589
5.76280721493618
5.62064156206416
5.57997257480398
5.58965741915572
5.71879241407138
5.52019971168384
5.59623430962343
5.8852140077821
5.58639153715554
5.67832367875277
5.58786518382478
5.66248256624826
5.56239232094511
5.60637450199203
5.7611193031789
5.59036144578313
5.56163928986229
5.57579437360858
5.49727738629084
5.51280153914459
5.61366806136681
5.49595937924623
5.56747600225861
5.58437067773167
5.69669761588954
5.60511756569848
5.62394979596036
5.35651631515341
5.50283984627419
5.44977484664752
5.63766674668221
5.56797692030292
5.61366208291897
5.6102328452385
5.53067622033139
5.62111134949582
5.58451228592703
5.7209225153476
5.56362378976487
5.6626874808693
5.69502074688797
5.77818255413884
5.77818255413884
5.38886400955366
5.78651130640861
5.55350007399734
5.55738967756135
5.56472616558453
5.53886862618894
5.82134493141519
5.55614650923661
5.59820193637621
5.78317827985571
5.63547937285311
5.69596378725009
5.65786975507879
5.65481293508453
5.62883635888729
5.53004795429038
5.63809104581637
5.36850673375758
5.6373369019739
5.66596931659693
5.67474790817421
5.57086011631466
5.81056874160322
5.6165191740413
5.70234363337812
5.79516768842409
5.62395449983272
5.69502074688797
5.57032939758182
5.54271670151499
5.65380964101122
5.65452578434908
5.54775014239605
5.66546421112588
5.59785042543663
5.54959593792462
5.59785042543663
5.60531422600388
5.60091133472565
5.60091133472565
5.64263322884013
5.47450475577487
5.62206996033177
5.62379754328844
5.62639141874115
5.63622938715235
5.57726193212288
5.64614174354573
5.62706095096266
5.67664219838133
5.68338249754179
5.74813836616412
5.60158232572026
5.63132570101211
5.51425762045231
5.71370268339965
5.59641461732935
5.50928891736067
5.64969661092201
5.5424443967675
5.63516942827288
5.74688796680498
5.52999016715831
5.52876400227834
5.61650992685475
5.69346572709801
5.82142857142857
5.67110524192069
5.51047221578175
5.67778330844533
5.63899868247694
5.56673628251376
5.52876400227834
5.54832811785802
5.5121428024209
5.60101836697581
5.51383823213903
5.65009702940737
5.57726193212288
5.62567616300036
5.70285506455719
5.67302535815521
5.62640080377154
5.6155664666303
5.5008210180624
5.67375886524823
5.58720155132711
5.52999016715831
5.62394127611519
5.71310997565241
5.67302535815521
5.66449607814119
5.62568123483703
5.49156725627314
5.7194374323837
5.44220485396956
5.62567616300036
5.76771794321676
5.61230301879628
5.66173818968626
5.63164060921908
5.63110181311018
5.64102564102564
5.66852988580639
5.73493975903614
5.68253968253968
5.73087771694043
5.51359784420097
5.71348494554773
5.60403894698882
5.6389013285565
5.6389013285565
5.70968073797195
5.54240047358295
5.5774550484094
5.5603232496603
5.73844641101278
5.75883896865833
5.68905099048845
5.54775014239605
5.66945606694561
5.64263322884013
5.64500409340766
5.86109542631282
5.8008013331915
5.55674747908174
5.52256292166606
5.58177787313166
5.75085833706523
5.66895059502344
5.56829954121652
5.6570963445316
5.90476190476191
5.71907527971619
5.76104746317512
5.5653883972468
5.76534411232848
5.60321508617358
5.6165191740413
5.73087771694043
5.77380952380952
5.6270589136597
5.73553600800973
5.67431014380101
5.56942442248866
5.65138369740407
5.505401805535
5.52464084378978
5.64452522204314
5.68577821796706
5.73451327433628
5.62017692452475
5.80705141958092
5.65897244973939
5.60511756569848
5.55317170850318
5.57936507936508
5.68445035124359
5.63839241631283
5.55555555555556
5.56673628251376
5.49335721749515
5.56101109292599
5.53130087316857
5.611251352326
5.52983248635423
5.71050561395981
5.80094343300456
5.59419860885008
5.48864046159394
5.5091016723398
5.57387511966812
5.64478956139418
5.67375886524823
5.605119518163
5.63119727689803
5.5782021025531
5.6479544597236
5.54240047358295
5.73386224305806
5.61480794497256
5.54610034038775
5.49501507071644
5.64890257689759
5.6920936702991
5.58700467634753
5.66450970632155
5.77129371379532
5.58451228592703
5.52098977329615
5.549055065064
5.50613550859674
5.59049874204529
5.52876400227834
5.63769811722157
5.63988396410983
5.56136680613668
5.71127831273635
5.57399723374827
5.61642378470375
5.66472466344097
5.79846582984658
5.66251817182569
5.57158312297151
5.61269794287406
5.67664219838133
5.71924972520654
5.45977011494253
5.64829969085288
5.63313769142549
5.63026509003787
5.57879552830869
5.43572369659326
5.76069261506586
5.69600225027249
5.52181848349096
5.63288856833754
5.62017692452475
5.81196581196581
5.61650992685475
5.57158312297151
5.56089980760693
5.59374431714857
5.70723371938485
5.7392253136934
5.73819485953377
5.79323718337171
5.60407569141194
5.52723181322738
5.71924972520654
5.56829954121652
5.65897244973939
5.7233976886938
5.70140641904075
5.58679887524049
5.76647958622208
5.61094365870624
5.57997257480398
5.80874039998441
5.57555919258047
5.47649257570042
5.59250518486734
5.65406490465038
5.61366208291897
5.57879552830869
5.64661134163209
5.34906588003933
5.78830196316535
5.80131701207934
5.87217305801377
5.87111613582316
5.5377799655427
5.62706095096266
5.52213001383126
5.65027529903171
5.61173676549452
5.74343015214385
5.5470530218005
5.64652738565782
5.52423501045988
5.44522498576039
5.65123610419778
5.54633970429138
5.65202231520223
5.75329288145627
5.62706095096266
5.65380964101122
5.65824217276499
5.52068928837358
5.58451228592703
5.67739589016185
5.70411943802502
5.67969254837942
5.62060889929742
5.59150489464078
5.5424443967675
5.56678367549551
5.62206996033177
5.58665472458576
5.65188100556678
5.51845105579168
5.57876905702993
5.69039514577475
5.61920349154392
5.60271646859083
5.68040654997177
5.6473133790119
5.56747600225861
5.60158232572026
5.6490834268612
5.64833528348048
5.54638494552658
5.68752091000335
5.49299011721443
5.64228139985716
5.63809104581637
5.57714729887291
5.60212077501852
5.6533964777268
5.65928646736728
5.68299541216516
5.63622938715235
5.5359612724758
5.62826289065294
5.72613032776266
5.45257843490804
5.64971751412429
5.71408138453837
5.55771472988729
5.55832088933134
5.72083923632193
5.55325034578147
5.63855421686747
5.63534136546185
5.65824217276499
5.55218241921338
5.55168408826945
5.57500470543949
5.76446972231516
5.7088520055325
5.49335721749515
5.54282596835788
5.58892941428878
5.5470530218005
5.65643226587433
5.54622955136434
5.68368413195999
5.58875354324676
5.653828929691
5.58782849239281
5.63623789764869
5.58492300620547
5.59033706444065
5.62284051645754
5.67842199641363
5.70861882437793
5.58437067773167
5.54775014239605
5.60850579077274
5.67842199641363
5.58665472458576
5.58243639116553
5.62867734584906
5.67053624225826
5.79861564581429
5.63888361496108
5.68082970893275
5.56389902023886
5.58805800801333
5.57936970611433
5.58965741915572
5.57812796658439
5.63824701195219
5.54282596835788
5.54282596835788
5.42770460263431
5.47097500087901
5.54543614652904
5.77384464110128
5.54980020719254
5.78555570066606
5.605119518163
5.70501262170934
5.48523206751055
5.67302535815521
5.6048702513349
5.58782849239281
5.62284051645754
5.51357509018417
5.62009767648365
5.57491289198606
5.63088945070099
5.55350007399734
5.5470530218005
5.59419860885008
5.79392732702837
5.79535065952723
5.61601243684415
5.72610294117647
5.72838446685261
5.56070793724399
5.62932226832642
5.64276303406738
5.76280721493618
5.6645938593082
5.57124035384905
5.81989048394258
5.78817733990148
5.6440281030445
5.68466993998909
5.63415239513527
5.80839450404668
5.65202231520223
5.60277946434595
5.55373704309874
5.59482329517173
5.70477109333665
5.85060240963855
5.7194374323837
5.48165629693199
5.64175928982796
5.62248995983936
5.68024678225721
5.58254064629292
5.67842199641363
5.51518168242907
5.80195258019526
5.53500073997336
5.49238360866767
5.75699274826106
5.58154969304795
5.55733504163997
5.70234363337812
5.67969254837942
5.6139598083387
5.65406490465038
5.73929961089494
5.77598127858738
5.57812796658439
5.76131687242798
5.50685848109736
5.67969254837942
5.50667147493689
5.56504142161513
5.59718969555035
5.80789277736411
5.65276402186273
5.58192519460794
5.70411943802502
5.60829241680305
5.64614174354573
5.73386224305806
5.56747600225861
5.60578661844485
5.63651082776766
5.67642956764296
5.69797539268872
5.6490834268612
5.66801619433198
5.62351522887636
5.56239232094511
5.69253454956963
5.70519461299393
5.65643226587433
5.55439330543933
5.54031448645032
5.56464811783961
5.69596378725009
5.63060667304897
5.6318386612315
5.61285140562249
5.53004795429038
5.55372143354976
5.54979253112033
5.623973727422
5.61920349154392
5.58154969304795
5.63649477100613
5.56828514275323
5.65138369740407
5.58892941428878
5.76771794321676
5.58446417032276
5.6432614886959
5.76280721493618
5.61847430534299
5.58446417032276
5.50283984627419
5.55700666057203
5.59935079990726
5.5811209439528
5.6731553380846
5.61996950679006
5.65138369740407
5.55439330543933
5.62351522887636
5.65824217276499
5.66251817182569
5.65091958168049
5.75699063148108
5.61535170007571
5.61577641373906
5.56828514275323
5.71215828103393
5.6048702513349
5.60043274432023
5.71408138453837
5.65643226587433
5.65138369740407
5.65188100556678
5.68417090156221
5.61366208291897
5.82329317269076
5.6155664666303
5.68078766679622
5.54196362089139
5.63011456628478
5.6881051175657
5.74447012215253
5.51383823213903
5.73908537375308
5.6767010601709
5.66425702811245
5.80469176213857
5.62060889929742
5.65741050518568
5.67474790817421
5.44462629569013
5.61864323096672
5.38446933738371
5.56095349138489
5.59474412171508
5.59618649601672
5.60615260068812
5.70655040258781
5.57105056139598
5.51574861919689
5.52983248635423
5.57206265360772
5.57594046843387
5.58622818147526
5.49483910139648
5.62800730048117
5.6668690548472
5.53067622033139
5.53171196948021
5.72111553784861
5.55810924691642
5.59774036168886
5.72025597492491
5.64504881450488
5.66911349520045
5.62976455508332
5.51650140594939
5.62568123483703
5.6570963445316
5.68299541216516
5.62567616300036
5.51316761014029
5.62737903364082
5.64568241335918
5.54994590695997
5.53895656170995
5.48343927735028
5.71259434660352
5.55969223132291
5.49586923376946
5.50495851042299
5.36928042528954
5.6678326208058
5.54393305439331
5.6881051175657
5.52301255230125
5.62230638631318
5.77109266943292
5.65352697095436
5.55317170850318
5.54504728720757
5.59657986785853
5.51101072840203
5.71129707112971
5.52024088323854
5.60764514965741
5.72100313479624
5.60680826718158
5.65188100556678
5.63060667304897
5.72413065644668
5.61287806261745
5.69678295000183
5.63974543792412
5.61513308252171
5.62216518406526
5.6406825025092
5.58926080892608
5.62572872133696
5.62052055827989
5.72175732217573
5.68286852589641
5.46201533325997
5.73221757322176
5.7272637503703
5.67995223167637
5.57879552830869
5.6409283500917
5.65481293508453
5.58782849239281
5.79535065952723
5.71738915769725
5.66895059502344
5.6570963445316
5.53500073997336
5.63969571230982
5.44111061352441
5.58492300620547
5.69780021637216
5.70506683686133
5.59049849447976
5.61726329876213
5.78119772499164
5.64256597296717
5.82562138779562
5.68762159533074
5.62240663900415
5.65461847389558
5.62009767648365
5.81056874160322
5.59049874204529
5.73770491803279
5.54775014239605
5.68788741179681
5.50964187327824
5.65897244973939
5.53415175656262
5.74267782426778
5.53347280334728
5.78492882682318
5.58096656384073
5.63207835935109
5.60953491384894
5.82593612896643
5.59250518486734
5.61715481171548
5.71653921333288
5.58928691897727
5.68118231789605
5.68920979739193
5.55090655509066
5.55534459844314
5.56465863453815
5.57714729887291
5.5793991416309
5.65006915629322
5.5623018282399
5.61864323096672
5.75443292070927
5.64568241335918
5.60991774199836
5.54622955136434
5.54633970429138
5.72410019455253
5.67629153487739
5.53191489361702
5.51819075712881
5.73849341423709
5.7611193031789
5.56405808931061
5.57124035384905
5.50484094052559
5.60810098097817
5.51357509018417
5.70943337965107
5.58782849239281
5.58312655086849
5.57914486027451
5.60598145487789
5.65357617150446
5.45618463757663
5.69854657495876
5.6373369019739
5.55939567492841
5.52857046481819
5.67474790817421
