195
195
192
197
198
195
214
214
209
204
204
205
199
216
216
207
206
223
216
196
190
200
198
197
196
215
216
216
218
180
185
220
218
220
218
205
198
200
198
198
190
193
202
203
206
205
204
206
199
198
204
206
235
210
204
212
213
214
197
191
225
226
211
212
195
194
223
226
223
225
217
220
216
218
212
208
224
218
213
222
221
202
200
216
210
209
207
213
218
218
208
207
207
205
209
210
201
202
231
232
233
230
231
233
233
231
234
233
213
212
212
211
211
211
210
210
212
206
211
206
213
205
212
205
210
204
209
204
212
204
211
204
211
206
210
211
207
210
215
210
214
219
214
219
218
214
218
218
212
218
218
213
218
216
211
216
219
219
219
211
206
204
232
234
234
234
236
235
214
215
203
200
208
190
191
211
202
211
202
220
219
219
227
227
198
208
201
199
197
207
214
214
213
205
213
215
212
206
219
222
219
223
217
218
219
217
206
211
212
212
211
211
206
210
213
221
214
216
205
206
206
205
205
205
206
204
214
215
215
214
213
213
214
212
213
213
213
211
213
212
213
210
191
189
190
213
228
226
223
204
207
204
207
206
213
212
212
211
190
191
198
197
190
190
198
196
193
191
192
190
192
192
189
193
191
192
190
192
192
189
197
197
197
198
196
195
196
198
197
198
198
199
213
201
198
190
193
192
190
193
230
222
222
226
223
200
185
181
183
213
203
202
201
205
201
201
204
232
229
231
231
232
197
197
206
205
208
202
200
209
208
214
217
198
198
195
196
204
202
202
200
211
202
210
201
231
227
225
221
212
224
221
223
197
207
215
214
220
214
207
209
211
216
219
214
217
210
222
211
204
202
197
208
202
204
215
209
213
209
212
209
213
208
211
204
204
204
204
212
213
209
211
217
221
198
203
222
225
202
206
217
222
199
205
214
208
208
201
204
206
205
202
204
203
198
197
209
214
210
215
212
217
207
212
216
217
217
218
215
216
210
211
228
229
225
226
222
225
222
231
222
225
222
227
241
222
212
200
219
207
212
199
211
198
212
201
212
202
208
222
216
216
215
218
216
218
206
211
200
205
196
199
200
198
200
218
224
200
197
196
196
205
206
242
242
237
235
228
227
226
225
227
227
227
228
226
225
229
228
226
226
225
228
227
227
230
231
223
223
224
227
225
225
228
223
223
225
216
215
201
200
194
193
214
214
209
208
215
212
214
206
207
204
205
239
231
233
231
224
232
227
208
210
209
210
197
199
195
212
223
213
218
218
182
181
208
208
208
210
208
212
210
210
214
212
207
209
210
208
213
207
217
209
206
208
217
221
209
206
210
207
209
213
210
204
207
207
204
204
206
201
200
202
203
197
196
200
200
201
199
201
202
212
213
211
213
214
214
191
195
222
220
216
215
216
215
215
214
219
216
200
216
214
223
223
222
223
216
216
216
217
210
204
203
203
197
199
202
206
200
202
196
212
206
204
212
206
205
205
199
201
204
206
200
205
199
204
198
201
204
208
202
204
198
196
225
223
223
224
213
188
186
199
199
200
200
200
202
204
209
203
204
204
203
205
201
202
199
204
204
195
205
204
194
201
197
205
205
195
196
195
197
192
196
196
196
191
194
194
196
196
197
192
217
216
217
208
202
215
217
212
223
220
219
217
215
213
210
208
210
207
219
217
219
216
199
235
218
217
215
212
212
215
214
209
211
204
204
220
223
219
224
192
192
223
230
196
212
211
192
216
214
215
215
201
203
194
196
191
209
209
212
211
223
223
222
218
224
223
226
224
224
223
225
223
221
219
219
218
219
233
219
228
214
221
218
215
213
190
190
187
213
224
207
192
194
194
209
209
207
208
216
213
215
221
211
223
216
213
207
225
221
214
211
223
220
217
222
213
210
208
211
201
201
215
208
229
230
229
196
196
201
198
187
184
186
183
191
203
203
201
203
204
202
204
204
202
204
205
203
202
199
214
214
220
220
217
222
202
202
208
206
198
197
199
199
206
207
213
212
216
206
205
210
207
212
218
212
220
214
214
208
211
207
210
209
210
208
217
209
207
208
226
224
214
214
213
213
207
215
206
214
207
215
206
214
208
207
193
218
211
212
211
213
203
196
202
211
208
203
204
204
206
202
203
216
210
204
202
214
210
212
210
206
211
212
214
212
212
210
211
209
212
209
206
205
204
208
207
208
208
211
206
214
209
214
210
236
236
202
209
210
198
198
220
218
221
218
221
213
213
198
205
205
194
205
204
214
212
214
212
223
224
229
224
223
225
225
201
205
203
207
204
202
199
199
202
214
208
213
207
205
206
208
209
207
209
208
213
213
216
213
211
207
205
197
220
196
201
193
196
215
208
214
208
207
207
206
209
207
208
206
209
208
208
207
210
208
209
207
212
209
214
210
218
208
219
209
213
213
216
204
203
190
189
207
205
206
205
205
204
208
208
207
207
213
213
217
217
201
201
190
200
197
196
194
211
229
227
221
222
219
207
212
211
215
220
225
224
216
222
216
212
208
222
232
211
213
216
218
222
225
218
220
223
226
211
213
217
219
224
227
218
220
225
228
204
210
205
215
211
212
211
212
189
219
211
207
209
210
215
214
218
215
218
214
216
214
214
213
215
214
214
221
212
224
224
220
220
220
216
219
211
220
220
216
219
206
207
207
202
210
204
209
198
198
201
201
204
206
203
202
208
196
218
190
187
187
221
196
201
206
206
208
206
207
208
206
205
207
227
211
208
210
208
206
204
207
205
206
204
232
228
230
204
206
204
233
231
231
231
225
224
227
227
222
210
211
209
210
209
208
203
202
204
204
215
215
214
216
216
215
215
222
210
211
211
212
209
210
210
211
204
215
208
212
217
220
213
214
217
202
214
216
210
219
212
219
212
212
206
212
206
212
211
207
208
212
215
213
205
211
213
196
211
210
222
220
205
204
204
204
207
207
201
200
198
198
201
201
214
213
197
199
196
200
197
199
194
198
197
199
196
200
198
200
195
199
193
184
198
189
191
191
189
189
222
220
220
219
221
220
220
220
211
204
205
204
209
207
203
200
205
201
200
203
201
208
206
199
199
199
198
197
198
196
204
199
206
202
203
187
191
185
183
214
208
216
209
210
209
214
208
209
209
226
228
226
228
225
228
229
230
229
212
210
206
196
198
190
208
198
199
194
208
216
215
215
215
217
217
212
215
218
209
221
220
220
221
214
215
215
215
212
215
212
210
210
212
213
214
211
205
203
216
214
210
210
198
210
203
203
213
208
214
213
207
213
216
215
219
216
215
218
215
215
217
215
215
216
215
211
210
212
215
212
209
212
213
210
207
214
210
213
213
211
206
213
210
213
214
214
215
218
215
214
214
216
217
215
214
215
216
217
208
214
215
217
216
208
216
213
211
217
213
211
215
214
213
216
214
213
215
215
222
217
223
219
213
209
212
209
213
210
212
210
213
213
210
213
213
211
215
215
211
211
211
207
201
213
206
213
203
209
203
212
211
203
204
211
209
213
200
197
206
201
200
203
206
197
198
201
214
214
209
210
198
220
209
208
215
203
198
220
212
211
211
212
215
210
207
208
210
211
207
209
220
219
217
211
210
216
218
220
217
215
212
212
208
215
217
212
215
211
210
212
210
210
210
212
221
218
211
217
220
216
216
216
219
209
209
214
214
214
209
215
213
207
214
214
215
216
221
222
220
215
221
220
211
220
221
210
218
217
206
199
208
200
217
218
215
209
205
210
203
212
201
213
207
208
204
202
199
204
201
192
206
206
225
225
216
216
208
209
210
216
212
210
210
215
213
210
220
222
224
221
212
214
207
207
207
207
215
213
210
208
203
214
214
213
212
215
215
186
224
216
214
201
197
211
216
211
209
217
217
213
202
214
214
205
217
217
200
212
212
203
215
215
224
212
207
220
218
220
218
210
212
205
208
211
198
204
201
215
212
212
195
194
205
205
182
217
218
216
219
220
220
221
202
202
211
204
204
204
207
187
185
179
177
179
177
208
210
209
201
200
201
203
198
199
200
201
208
207
210
209
199
222
216
217
216
204
205
202
200
203
201
212
210
209
209
210
186
190
205
197
199
192
193
199
198
198
197
206
206
204
204
224
220
192
193
200
200
195
196
194
195
187
194
186
194
187
195
186
195
194
223
223
221
215
221
214
223
222
215
221
216
224
222
200
201
198
198
209
207
207
219
219
205
202
208
199
221
221
212
209
208
210
206
206
206
206
205
205
202
202
205
205
207
208
207
208
206
207
201
202
206
207
200
205
203
203
209
207
199
198
196
221
223
201
203
200
200
200
197
205
198
206
194
201
196
203
216
216
214
217
221
220
229
227
218
218
226
225
212
193
194
225
215
219
194
200
199
200
200
203
200
202
200
202
202
204
201
203
201
200
200
202
199
201
199
196
197
204
198
194
194
194
193
211
214
215
215
218
217
216
217
217
204
205
205
205
217
197
209
209
203
207
206
201
205
200
203
198
214
215
206
206
196
197
209
187
185
187
217
219
201
190
201
192
213
203
208
199
207
199
210
205
208
209
209
215
204
208
203
204
195
193
208
194
203
202
202
200
203
204
201
202
221
208
215
207
213
208
215
219
224
215
224
214
220
210
216
226
216
217
227
211
221
215
210
199
203
210
205
202
214
211
211
206
211
214
205
216
188
187
223
201
199
203
197
195
199
217
215
226
220
222
220
229
216
226
224
213
228
218
208
204
209
202
202
203
206
197
196
198
205
199
204
204
199
197
208
203
203
201
227
226
204
212
206
